     0/649     5.61G   0.06833   0.02021         0   0.08854        25       640    0.1176    0.1429   0.04013  0.008169    0.1106   0.01782         0
     1/649     5.74G   0.06407   0.01765         0   0.08172        17       640    0.2744    0.1786    0.1064   0.02819    0.1033    0.0138         0
     2/649     5.74G    0.0619   0.01493         0   0.07683        20       640    0.3834      0.25    0.1918   0.05717    0.1077   0.01195         0
     3/649     5.74G   0.05457    0.0141         0   0.06867        24       640     0.229    0.5357    0.2513   0.08435    0.1012   0.01147         0
     4/649     5.74G   0.05136   0.01316         0   0.06452        21       640    0.6793    0.5357     0.511    0.2094     0.105   0.01031         0
     5/649     5.74G    0.0485   0.01229         0   0.06079        18       640    0.5625    0.6071    0.4943    0.2619   0.09336   0.01008         0
     6/649     5.74G      0.05   0.01058         0   0.06058        21       640    0.5596    0.4643    0.4516    0.1344   0.09072  0.009566         0
     7/649     5.74G   0.05382   0.01066         0   0.06448        21       640    0.5707    0.2857    0.3342     0.144   0.08124  0.009554         0
     8/649     5.74G   0.05208   0.01135         0   0.06342        31       640     0.408    0.3214    0.2496   0.05487    0.1001  0.009132         0
     9/649     5.74G   0.05061    0.0107         0   0.06131        22       640    0.7252    0.2857    0.3403    0.1334    0.1006  0.008382         0
    10/649     5.74G   0.05354   0.01139         0   0.06494        19       640    0.5248    0.2857    0.2322   0.08305   0.08341  0.009066         0
    11/649     5.74G   0.04814   0.01009         0   0.05822        13       640    0.1845    0.3556     0.144   0.05161   0.08752  0.009215         0
    12/649     5.74G   0.05166    0.0101         0   0.06176        18       640    0.4358       0.5     0.421    0.1827   0.09742  0.008068         0
    13/649     5.74G   0.05461  0.009658         0   0.06427        23       640    0.2291    0.2143   0.08684   0.02608    0.1022   0.00829         0
    14/649     5.74G   0.05068    0.0105         0   0.06118        16       640    0.2069    0.1429    0.1321   0.02701    0.1067  0.008261         0
    15/649     5.74G   0.05109   0.01038         0   0.06147        20       640  0.007719    0.1786  0.004248 0.0007761    0.1191  0.005492         0
    16/649     5.74G   0.05466  0.009426         0   0.06408        16       640    0.7226    0.2857    0.3413    0.1951   0.09675  0.007792         0
    17/649     5.74G   0.04893   0.01025         0   0.05917        19       640     0.495    0.3214    0.2547    0.1076   0.08936   0.00826         0
    18/649     5.74G   0.04852   0.01082         0   0.05934        24       640    0.2447    0.4286    0.2197   0.09092   0.08718  0.009225         0
    19/649     5.74G   0.05202  0.009817         0   0.06184        24       640   0.02747      0.25   0.01785  0.005412   0.09611  0.009716         0
    20/649     5.74G   0.04893   0.01072         0   0.05965        23       640    0.1466    0.2143    0.0744   0.02409   0.08936   0.01007         0
    21/649     5.74G   0.04419   0.01094         0   0.05514        30       640     0.473    0.3214     0.284   0.09624   0.06867   0.01003         0
    22/649     5.74G   0.04448   0.01032         0   0.05479        21       640    0.4998       0.5    0.3844    0.1458   0.07257  0.009418         0
    23/649     5.74G   0.04226   0.01084         0   0.05309        18       640    0.2941    0.5357    0.3497    0.1207   0.06815   0.01041         0
    24/649     5.74G   0.04213   0.01135         0   0.05349        24       640    0.4969    0.4286    0.3403     0.127    0.0715   0.01052         0
    25/649     5.74G   0.04857   0.01088         0   0.05945        24       640    0.2117      0.25    0.1345    0.0425   0.07913  0.009653         0
    26/649     5.74G   0.03714   0.01053         0   0.04768        10       640    0.7121    0.3571    0.3811    0.0901   0.07264  0.008822         0
    27/649     5.74G   0.03571  0.009897         0   0.04561        12       640    0.3166       0.5    0.2624   0.05995   0.07162  0.009448         0
    28/649     5.74G   0.03891   0.01045         0   0.04936        22       640    0.4744    0.5357    0.4008    0.2166   0.06481   0.00979         0
    29/649     5.74G   0.04067    0.0104         0   0.05107        24       640    0.6126    0.5649    0.5385    0.3238   0.06457  0.009936         0
    30/649     5.74G   0.04595   0.01034         0   0.05629        32       640    0.4684    0.5357    0.3732    0.1532   0.07787  0.009496         0
    31/649     5.74G   0.04931   0.01077         0   0.06008        26       640    0.5514    0.5357    0.4555    0.2307   0.06402   0.01017         0
    32/649     5.74G    0.0462    0.0108         0     0.057        23       640    0.4949      0.25    0.2433   0.06359    0.0697   0.01055         0
    33/649     5.74G   0.04369   0.01009         0   0.05378        19       640    0.5994    0.3207    0.3235    0.1351   0.07504  0.009502         0
    34/649     5.74G   0.04102   0.01052         0   0.05154        33       640     0.115    0.3929   0.07905   0.02298    0.1099  0.008499         0
    35/649     5.74G   0.04215   0.01083         0   0.05297        30       640    0.3614    0.1429      0.13   0.03805    0.1002  0.009148         0
    36/649     5.74G   0.03954   0.01055         0   0.05008        17       640    0.6862    0.3929     0.454    0.1512   0.08664  0.008993         0
    37/649     5.74G   0.04236   0.01095         0   0.05331        19       640    0.5992    0.6408    0.5323    0.2243   0.08502  0.008913         0
    38/649     5.74G   0.04117   0.01062         0   0.05179        20       640    0.5871    0.4643    0.5044    0.1619   0.08928   0.00909         0
    39/649     5.74G   0.03332   0.01072         0   0.04404        22       640    0.7983    0.2857     0.351    0.1094   0.09078   0.01003         0
    40/649     5.74G   0.03865   0.01112         0   0.04977        14       640    0.7336       0.5    0.5021    0.1965   0.09168  0.008813         0
    41/649     5.74G   0.03679   0.01011         0    0.0469        19       640    0.8302    0.5357    0.5954    0.3049   0.09069  0.008254         0
    42/649     5.74G   0.03483   0.01026         0   0.04508        25       640    0.6794    0.6056    0.5822    0.2936   0.08916  0.008255         0
    43/649     5.74G   0.03998   0.01081         0   0.05079        14       640    0.8421    0.5714     0.632    0.3058   0.08708    0.0086         0
    44/649     5.74G   0.03674   0.01033         0   0.04707        22       640    0.7602    0.5714    0.6191    0.2214   0.09069  0.008215         0
    45/649     5.74G   0.03591   0.01024         0   0.04615        24       640     0.665    0.6429    0.6443    0.3759   0.08742  0.008229         0
    46/649     5.74G   0.03544      0.01         0   0.04544        23       640    0.9372    0.5357    0.6618    0.3341   0.08475  0.008259         0
    47/649     5.74G   0.03348   0.01038         0   0.04386        20       640    0.7726    0.6066    0.6156    0.3548    0.0853  0.008076         0
    48/649     5.74G   0.03329   0.01011         0   0.04341        24       640     0.607    0.6069    0.5911    0.3569   0.08626   0.00794         0
    49/649     5.74G   0.03626   0.01059         0   0.04684        25       640    0.8124    0.4641    0.6096     0.355   0.08497  0.007999         0
    50/649     5.74G   0.03206   0.01069         0   0.04275        21       640    0.8325    0.5357    0.6652    0.3377   0.08352  0.008142         0
    51/649     5.74G   0.03329   0.01003         0   0.04332        18       640    0.6659    0.5714    0.6677    0.3635   0.08086  0.008502         0
    52/649     5.74G   0.03378   0.01022         0     0.044        29       640    0.8744       0.5    0.6962    0.3258      0.08  0.008667         0
    53/649     5.74G   0.03123  0.009624         0   0.04085        14       640    0.9986       0.5    0.7022     0.356    0.0855  0.008138         0
    54/649     5.74G   0.03177  0.009726         0   0.04149        15       640    0.7081    0.6065    0.6789    0.3348   0.08322  0.008362         0
    55/649     5.74G   0.02944   0.01021         0   0.03965        24       640         1    0.5318    0.7547    0.3886   0.08191  0.008275         0
    56/649     5.74G   0.03164   0.01024         0   0.04188        25       640    0.6892    0.7143    0.7081    0.3583   0.08128  0.008385         0
    57/649     5.74G   0.02824   0.01001         0   0.03825        17       640    0.7822    0.6429    0.6915    0.3579   0.07969  0.008591         0
    58/649     5.74G   0.03102   0.01007         0   0.04109        31       640       0.8    0.5714    0.6589    0.3453   0.08792  0.008336         0
    59/649     5.74G   0.02937    0.0103         0   0.03967        18       640    0.7616    0.5706    0.6297    0.3036   0.08851  0.008478         0
    60/649     5.74G   0.03076    0.0102         0   0.04096        31       640    0.7136    0.8899    0.8213    0.4013    0.0833  0.008164         0
    61/649     5.74G   0.02922   0.01031         0   0.03953        23       640     0.814    0.7857    0.8407     0.422   0.08163  0.007728         0
    62/649     5.74G   0.02958   0.01029         0   0.03987        19       640    0.9081    0.7143     0.818    0.4382   0.08327  0.007409         0
    63/649     5.74G   0.02635   0.01074         0    0.0371        17       640    0.8394      0.75    0.8134    0.4335   0.08112   0.00758         0
    64/649     5.74G   0.02936  0.009951         0   0.03931        20       640    0.7666    0.8214    0.8455    0.4825   0.07928  0.007476         0
    65/649     5.74G   0.02991   0.01013         0   0.04004        30       640    0.9154    0.7857    0.8251    0.4292   0.07875   0.00774         0
    66/649     5.74G    0.0274  0.009949         0   0.03735        23       640    0.8056    0.8929    0.8795    0.4763   0.07837  0.007534         0
    67/649     5.74G   0.02995  0.009293         0   0.03924        25       640    0.8452    0.7857    0.8604    0.5018   0.07869  0.007562         0
    68/649     5.74G   0.02727  0.009272         0   0.03654        17       640     0.952    0.7143    0.8302    0.5348   0.07683  0.007656         0
    69/649     5.74G   0.03166   0.01008         0   0.04174        18       640    0.8251    0.6786    0.7989    0.5092   0.07726  0.007693         0
    70/649     5.74G   0.02455  0.009471         0   0.03402        13       640    0.7997    0.8558    0.8805    0.5355   0.07641  0.007673         0
    71/649     5.74G   0.02879  0.009556         0   0.03834        19       640    0.8767    0.7857     0.883    0.5211     0.077  0.007462         0
    72/649     5.74G   0.02816  0.009959         0   0.03812        11       640    0.7966    0.8571    0.8828    0.5852   0.07559  0.007405         0
    73/649     5.74G   0.03129  0.009581         0   0.04087        25       640    0.8872    0.8571    0.9072    0.6038   0.07538  0.007364         0
    74/649     5.74G   0.02722   0.01014         0   0.03736        26       640    0.9615    0.8922    0.9158    0.5852   0.07664  0.007359         0
    75/649     5.74G   0.03028  0.009596         0   0.03987        13       640    0.7877    0.9274    0.8664    0.5766   0.07869  0.007445         0
    76/649     5.74G   0.03204  0.009276         0   0.04132        19       640    0.8213    0.8207    0.8798     0.563   0.07815  0.007773         0
    77/649     5.74G   0.02562  0.009907         0   0.03553        14       640    0.8748    0.7487    0.8415    0.5706   0.07444  0.007936         0
    78/649     5.74G    0.0254  0.009766         0   0.03516        24       640    0.8695    0.7143    0.8018    0.5988   0.07488  0.007654         0
    79/649     5.74G   0.02607   0.01005         0   0.03611        31       640    0.7652    0.8214    0.8036    0.5826   0.07605  0.007428         0
    80/649     5.74G   0.02949   0.01028         0   0.03977        34       640    0.8744      0.75    0.8397    0.5933   0.07507  0.007409         0
    81/649     5.74G   0.02417  0.009267         0   0.03344        21       640    0.8458    0.7857       0.8    0.5708   0.07535  0.007412         0
    82/649     5.74G   0.02325  0.009227         0   0.03248        20       640    0.9088    0.7143    0.8351    0.5658   0.07488  0.007334         0
    83/649     5.74G   0.02786  0.009505         0   0.03737        22       640    0.8516    0.8214    0.8709    0.5651   0.07416  0.007662         0
    84/649     5.74G   0.02503  0.009805         0   0.03484        19       640    0.8685    0.7143    0.8102    0.5508   0.07465  0.007978         0
    85/649     5.74G   0.02359  0.009194         0   0.03278        14       640    0.7992    0.7143    0.8053    0.5237   0.07489  0.007995         0
    86/649     5.74G   0.02349  0.009778         0   0.03327        14       640    0.9497    0.6786    0.8521    0.4932   0.07463  0.007802         0
    87/649     5.74G   0.02468   0.00915         0   0.03383        27       640      0.85    0.6071    0.7419    0.5009   0.07515  0.007826         0
    88/649     5.74G   0.02959  0.009798         0   0.03939        19       640    0.6653    0.7857    0.7805    0.4818   0.07594  0.007615         0
    89/649     5.74G   0.02793   0.01033         0   0.03825        43       640    0.9499    0.6775    0.7881     0.499   0.07705  0.007276         0
    90/649     5.74G   0.02877   0.00948         0   0.03825        22       640     0.825    0.6786    0.7286    0.5158   0.07879  0.007313         0
    91/649     5.74G   0.02891  0.009751         0   0.03866        21       640    0.7855    0.7857    0.8047    0.5461   0.07607  0.007234         0
    92/649     5.74G   0.02326  0.009488         0   0.03275        16       640    0.7407    0.7142    0.7792    0.5398   0.07556  0.007526         0
    93/649     5.74G   0.02918  0.009349         0   0.03853        18       640    0.8212    0.8204    0.8404    0.5973   0.07516  0.007193         0
    94/649     5.74G   0.02701  0.009081         0   0.03609        15       640     0.952    0.7143    0.8305    0.6071   0.07321  0.007122         0
    95/649     5.74G   0.03248  0.009388         0   0.04187        27       640    0.9228    0.8571    0.8965    0.6014   0.07458  0.006791         0
    96/649     5.74G   0.02541  0.009153         0   0.03456        16       640    0.8845    0.8206    0.8877    0.6209   0.07278  0.006979         0
    97/649     5.74G   0.02729  0.009239         0   0.03652        16       640    0.8214    0.8213    0.8838    0.6113   0.07353  0.007165         0
    98/649     5.74G   0.02365  0.008797         0   0.03245        18       640    0.9161    0.7857    0.8857     0.553   0.07298  0.007509         0
    99/649     5.74G   0.02469  0.009535         0   0.03423        22       640    0.7737    0.8549    0.8808    0.5695   0.07183   0.00749         0
   100/649     5.74G    0.0256   0.00945         0   0.03505        25       640    0.8749      0.75    0.8584    0.6287   0.07147  0.007376         0
   101/649     5.74G   0.02521  0.008754         0   0.03396        21       640    0.9231     0.857    0.8937     0.628   0.07012  0.007245         0
   102/649     5.74G   0.02436  0.009023         0   0.03338        24       640    0.8274    0.8571    0.8816    0.6337   0.07027  0.007277         0
   103/649     5.74G   0.02334  0.008471         0   0.03181        19       640     0.923    0.8564    0.9141    0.6258   0.07113  0.007314         0
   104/649     5.74G   0.02643  0.008293         0   0.03472        20       640    0.8619    0.8929    0.9061      0.62    0.0727  0.007448         0
   105/649     5.74G   0.03217  0.009576         0   0.04175        29       640    0.7084    0.7857    0.8114    0.4531   0.07767  0.008346         0
   106/649     5.74G   0.02763  0.009318         0   0.03695        16       640    0.9521    0.7143    0.8395    0.5583   0.07294  0.007884         0
   107/649     5.74G   0.02226  0.008902         0   0.03116        16       640     0.875    0.7498    0.8337    0.5734   0.07317  0.007456         0
   108/649     5.74G   0.02184  0.008625         0   0.03046        24       640    0.9474    0.6427    0.8467    0.5698   0.07506  0.007226         0
   109/649     5.74G   0.02473   0.00905         0   0.03378        23       640    0.8507    0.8214    0.8612    0.6238   0.07473  0.007105         0
   110/649     5.74G   0.02418  0.009018         0    0.0332        25       640    0.9197    0.8214    0.8977    0.5965   0.07269  0.007113         0
   111/649     5.74G   0.02658  0.008856         0   0.03543        13       640         1    0.6429    0.7766    0.5577   0.05605  0.007642         0
   112/649     5.74G   0.02385  0.008792         0   0.03264        14       640    0.7689    0.7143    0.7819    0.5176   0.05403  0.007995         0
   113/649     5.74G   0.02278  0.008987         0   0.03177        12       640    0.9225    0.8571    0.8739    0.5756   0.05292  0.007639         0
   114/649     5.74G   0.02613  0.008905         0   0.03503        22       640    0.8928    0.8929    0.8976    0.6243    0.0573  0.007415         0
   115/649     5.74G   0.02308  0.008698         0   0.03178        29       640    0.9196    0.8214    0.8766    0.6267   0.06678  0.007488         0
   116/649     5.74G   0.02698  0.007829         0   0.03481        14       640    0.8887    0.8571    0.8827    0.5961   0.06839  0.007485         0
   117/649     5.74G   0.02409  0.009063         0   0.03315        16       640    0.9256    0.8929    0.9176    0.6147   0.07314  0.007116         0
   118/649     5.74G   0.02271  0.008734         0   0.03144        14       640     0.999    0.8571    0.9193    0.6345   0.07378  0.007059         0
   119/649     5.74G   0.02231  0.008661         0   0.03097        21       640    0.9255    0.8929    0.9164    0.6539   0.07242  0.007056         0
   120/649     5.74G   0.02242   0.00887         0   0.03129        20       640    0.8887    0.8557    0.8914    0.6309   0.07246  0.007076         0
   121/649     5.74G   0.02245  0.009052         0    0.0315        28       640    0.8928    0.8929    0.9046    0.6162   0.07293  0.007174         0
   122/649     5.74G   0.02661  0.009035         0   0.03564        17       640    0.9544      0.75    0.8193    0.6371   0.07509  0.007424         0
   123/649     5.74G   0.02338  0.008268         0   0.03165        21       640    0.9166    0.7853    0.8608    0.6276   0.07449  0.007561         0
   124/649     5.74G   0.02211  0.008662         0   0.03077        36       640         1    0.6428     0.802    0.6018   0.07563  0.007381         0
   125/649     5.74G   0.02974  0.008784         0   0.03852        17       640    0.8333    0.3571    0.4612    0.3398   0.08585  0.008233         0
   126/649     5.74G   0.02946   0.00956         0   0.03902        22       640    0.4567    0.3904    0.2843    0.1007    0.1022  0.009278         0
   127/649     5.74G   0.03129  0.008913         0   0.04021        28       640    0.6867    0.3929    0.4441     0.197   0.09783  0.009508         0
   128/649     5.74G   0.02392  0.008733         0   0.03265        19       640     0.749      0.75    0.7437    0.4338   0.08131  0.008427         0
   129/649     5.74G   0.02664  0.009714         0   0.03635        31       640    0.8889    0.8571    0.8811    0.5742   0.07049  0.007346         0
   130/649     5.74G    0.0242  0.009768         0   0.03396        25       640    0.8146    0.7857    0.8562    0.5427   0.06994  0.007356         0
   131/649     5.74G   0.02191  0.008619         0   0.03053        22       640    0.8384    0.9286    0.8893    0.5957   0.06712   0.00708         0
   132/649     5.74G   0.02268  0.009195         0   0.03187        27       640    0.8387    0.9286    0.9142    0.6571   0.06128   0.00716         0
   133/649     5.74G   0.02661  0.008146         0   0.03476        13       640    0.9197    0.8214    0.8762    0.5786   0.05631  0.007493         0
   134/649     5.74G   0.02694  0.009582         0   0.03652        20       640    0.9524    0.7143    0.8118    0.5325   0.06168  0.008007         0
   135/649     5.74G   0.02802  0.009555         0   0.03758        15       640    0.9444    0.6069      0.79    0.4932   0.06908   0.00814         0
   136/649     5.74G   0.02843  0.008853         0   0.03729        27       640    0.8812    0.5357    0.5826    0.3694   0.06381  0.009826         0
   137/649     5.74G   0.02766  0.009657         0   0.03731        39       640    0.9393    0.5714    0.6296    0.4212   0.06154  0.009748         0
   138/649     5.74G   0.02354  0.009178         0   0.03272        26       640    0.9993    0.6429    0.7892    0.5296   0.05425  0.008414         0
   139/649     5.74G   0.02827   0.00916         0   0.03743        25       640      0.88    0.7857    0.8159    0.5867   0.05275  0.008291         0
   140/649     5.74G   0.02383   0.00905         0   0.03288        14       640    0.8518    0.8213    0.8233    0.5947   0.05191  0.008235         0
   141/649     5.74G   0.02441  0.009175         0   0.03358        23       640    0.8888    0.8571     0.847     0.591   0.05062  0.008412         0
   142/649     5.74G   0.02179  0.008987         0   0.03078        28       640    0.9564    0.7857    0.8605    0.6495   0.04973  0.007829         0
   143/649     5.74G   0.02308  0.009144         0   0.03223        26       640      0.92    0.8213    0.9114    0.6251    0.0483  0.007516         0
   144/649     5.74G   0.02457  0.008462         0   0.03303        25       640    0.8963    0.9286    0.9269    0.6627   0.04714   0.00741         0
   145/649     5.74G   0.02194  0.008039         0   0.02998        14       640    0.9613    0.8929    0.9581    0.6907   0.04706   0.00732         0
   146/649     5.74G   0.02126  0.008989         0   0.03025        20       640    0.9259    0.8928    0.9386    0.6482   0.04841  0.007592         0
   147/649     5.74G   0.02186   0.00818         0   0.03004        20       640    0.8928    0.8928    0.9534    0.6732   0.04811  0.007492         0
   148/649     5.74G   0.02378  0.008409         0   0.03219        27       640    0.7179    0.9997      0.92    0.6244   0.04945  0.007458         0
   149/649     5.74G   0.02955  0.008345         0    0.0379        19       640    0.8844    0.8214    0.9096     0.601    0.0479  0.008437         0
   150/649     5.74G    0.0211  0.008324         0   0.02942        14       640    0.9528      0.75    0.8881    0.6188   0.04698  0.008356         0
   151/649     5.74G   0.02223  0.008267         0    0.0305        29       640    0.9583    0.8571    0.9516    0.6247   0.04609  0.007708         0
   152/649     5.74G   0.02797   0.00804         0   0.03601        16       640    0.9977    0.8214    0.9595    0.6175   0.04794  0.007301         0
   153/649     5.74G   0.02474  0.008696         0   0.03344        30       640    0.8707    0.9643    0.9406    0.6504   0.05076  0.007241         0
   154/649     5.74G   0.02873  0.008053         0   0.03678        16       640    0.9286    0.9284    0.9291     0.633   0.05625  0.007218         0
   155/649     5.74G     0.025  0.008819         0   0.03382        22       640     0.923    0.8568    0.9283    0.5839   0.05967  0.007149         0
   156/649     5.74G   0.02677  0.008756         0   0.03553        14       640    0.8437    0.9643    0.9462    0.6063   0.06267   0.00692         0
   157/649     5.74G   0.02004  0.007991         0   0.02803        29       640    0.9285    0.9286    0.9375     0.663   0.06353  0.006803         0
   158/649     5.74G   0.02025  0.007708         0   0.02796        26       640    0.9286    0.9284    0.9405    0.6758   0.06321  0.006592         0
   159/649     5.74G   0.02567  0.008404         0   0.03407        16       640    0.8704    0.9643    0.9373    0.6914   0.06176  0.006589         0
   160/649     5.74G   0.02376  0.008192         0   0.03196        17       640    0.8988    0.9643    0.9471     0.715   0.06025  0.006799         0
   161/649     5.74G   0.02403  0.008296         0   0.03232        14       640    0.9643    0.9636    0.9472    0.6978   0.05826  0.006926         0
   162/649     5.74G   0.02164  0.007432         0   0.02907        14       640     0.903         1    0.9563    0.7201   0.05942  0.006941         0
   163/649     5.74G   0.01816  0.007193         0   0.02535        19       640    0.9629     0.928    0.9612    0.6917   0.06226  0.007004         0
   164/649     5.74G   0.02015  0.007942         0   0.02809        22       640    0.9655    0.9991    0.9721     0.685   0.06255  0.006924         0
   165/649     5.74G   0.02232  0.007876         0   0.03019        20       640    0.9641    0.9643    0.9636    0.6713     0.062   0.00723         0
   166/649     5.74G   0.02455  0.008187         0   0.03273        26       640    0.9309    0.9643    0.9563    0.6923   0.06013  0.007219         0
   167/649     5.74G   0.02238  0.008028         0   0.03041        22       640     0.931    0.9641    0.9498    0.7012   0.06138  0.007122         0
   168/649     5.74G   0.02247  0.007905         0   0.03037        23       640    0.8964    0.9286     0.937     0.686   0.06306  0.007271         0
   169/649     5.74G    0.0205  0.007596         0   0.02809        15       640    0.8379    0.9286     0.892     0.677   0.06526  0.007329         0
   170/649     5.74G   0.01819  0.007691         0   0.02588        15       640    0.8437    0.9641    0.9247    0.6584    0.0673  0.007382         0
   171/649     5.74G   0.02198  0.007458         0   0.02944        18       640    0.8965    0.9286    0.9335    0.6659   0.06774   0.00705         0
   172/649     5.74G   0.01906  0.007332         0   0.02639        21       640    0.8665    0.9286     0.946    0.6462   0.07065  0.007059         0
   173/649     5.74G   0.02298  0.007551         0   0.03053        18       640       0.9    0.9643    0.9611    0.6341   0.07205  0.007049         0
   174/649     5.74G   0.01938  0.007896         0   0.02728        20       640    0.9642    0.9643    0.9663    0.6432   0.07168  0.006951         0
   175/649     5.74G   0.02099  0.007694         0   0.02868        22       640     0.963    0.9285    0.9582    0.6172   0.07214  0.006812         0
   176/649     5.74G   0.01896  0.007503         0   0.02646        17       640       0.9    0.9643    0.9425    0.6634   0.06543  0.006719         0
   177/649     5.74G   0.02028  0.007314         0    0.0276        18       640    0.9627    0.9286    0.9454    0.6444   0.05452  0.007102         0
   178/649     5.74G   0.02263   0.00753         0   0.03016        22       640    0.9259    0.8928    0.9114    0.6616   0.05447  0.007253         0
   179/649     5.74G   0.02293  0.007463         0   0.03039        18       640    0.8965    0.9286    0.9172    0.6509   0.05869  0.007021         0
   180/649     5.74G    0.0194  0.007608         0   0.02701        33       640    0.9286    0.9285    0.9188    0.6781   0.06133  0.006831         0
   181/649     5.74G   0.01959  0.007093         0   0.02668        18       640     0.931     0.964    0.9593    0.7123   0.06042  0.006633         0
   182/649     5.74G   0.02013   0.00762         0   0.02775        18       640    0.9655    0.9999    0.9721    0.7139   0.06124  0.006568         0
   183/649     5.74G   0.01603  0.007239         0   0.02327        17       640    0.9641    0.9643    0.9711    0.7211   0.06075  0.006506         0
   184/649     5.74G   0.02436  0.007269         0   0.03163        15       640    0.9304    0.9643    0.9765    0.7366   0.06027  0.006634         0
   185/649     5.74G   0.01995   0.00727         0   0.02722        23       640    0.9642    0.9643    0.9728    0.6993    0.0596  0.006698         0
   186/649     5.74G   0.02612   0.00763         0   0.03375        21       640     0.931    0.9642    0.9641    0.6903   0.05851  0.006797         0
   187/649     5.74G   0.02373  0.007753         0   0.03148        23       640    0.9629    0.9286    0.9559    0.6761   0.05807  0.006892         0
   188/649     5.74G   0.02044  0.007242         0   0.02768        19       640    0.9285    0.9286    0.9445     0.637   0.05882  0.006844         0
   189/649     5.74G   0.02253  0.007251         0   0.02978        24       640    0.9285    0.9286    0.9368     0.675   0.05939  0.006941         0
   190/649     5.74G    0.0174  0.007282         0   0.02468        16       640    0.9615    0.8928    0.9594    0.6973   0.05581   0.00701         0
   191/649     5.74G   0.01907  0.007169         0   0.02624        22       640    0.9284    0.9286    0.9578    0.7178   0.05585   0.00703         0
   192/649     5.74G   0.01969   0.00709         0   0.02678        20       640    0.9583    0.8214    0.9057    0.6747   0.05589  0.007304         0
   193/649     5.74G   0.02211  0.007376         0   0.02948        21       640    0.8657    0.9286    0.9295    0.6583   0.05326  0.007255         0
   194/649     5.74G   0.01962  0.007473         0   0.02709        23       640    0.8926    0.8929    0.9372    0.7009   0.05047  0.007329         0
   195/649     5.74G   0.02036  0.007317         0   0.02768        18       640     0.923     0.856    0.9322    0.6903   0.05324  0.007381         0
   196/649     5.74G   0.01774  0.006954         0   0.02469        16       640    0.8928    0.8927    0.9348    0.7039   0.05349  0.007279         0
   197/649     5.74G   0.01914  0.007064         0    0.0262        18       640    0.8888    0.8571    0.9142    0.6587    0.0498  0.007416         0
   198/649     5.74G   0.02043  0.007174         0    0.0276        19       640    0.8929    0.8928    0.9288    0.6558   0.04716   0.00727         0
   199/649     5.74G   0.02099  0.007028         0   0.02802        17       640    0.9257    0.8929    0.9385    0.6646   0.05094  0.007081         0
   200/649     5.74G   0.02144   0.00704         0   0.02848        16       640    0.9259    0.8927    0.9328    0.6572    0.0578  0.006963         0
   201/649     5.74G   0.01756  0.007258         0   0.02482        19       640    0.9229    0.8571    0.9402    0.6825   0.05567  0.006969         0
   202/649     5.74G    0.0182  0.007398         0   0.02559        13       640    0.9285    0.9286    0.9443    0.6518   0.05642  0.006894         0
   203/649     5.74G   0.01771   0.00694         0   0.02465        11       640     0.931    0.9641    0.9542    0.6664   0.05948  0.006728         0
   204/649     5.74G   0.01594  0.006582         0   0.02252        28       640     0.871    0.9642     0.922    0.6586   0.05975  0.006796         0
   205/649     5.74G   0.01586  0.006732         0   0.02259        22       640    0.9257    0.8929    0.9106    0.6542     0.058  0.006801         0
   206/649     5.74G   0.01562  0.006465         0   0.02209        15       640    0.8965    0.9286    0.9252    0.6663   0.05563  0.006893         0
   207/649     5.74G   0.01612  0.006633         0   0.02276        19       640    0.9286    0.9285    0.9458    0.6941   0.05736  0.006582         0
   208/649     5.74G   0.01812  0.007362         0   0.02548        20       640    0.9286    0.9285    0.9573    0.7416   0.05637  0.006246         0
   209/649     5.74G   0.01665   0.00705         0    0.0237        28       640    0.9309    0.9643    0.9736    0.7553   0.05571  0.006141         0
   210/649     5.74G   0.02059  0.007048         0   0.02764        18       640     0.931    0.9642    0.9652    0.7488   0.05321  0.006189         0
   211/649     5.74G   0.01745  0.007045         0   0.02449        20       640    0.9285    0.9286    0.9512    0.7295   0.05695  0.006132         0
   212/649     5.74G   0.01774  0.006564         0    0.0243        21       640    0.9285    0.9286    0.9439    0.7279   0.05938  0.006151         0
   213/649     5.74G   0.01795  0.007321         0   0.02527        22       640    0.9282    0.9286    0.9663    0.7086   0.06148  0.005978         0
   214/649     5.74G   0.01911  0.006803         0   0.02591        16       640     0.931    0.9642    0.9587    0.6828   0.06031  0.006228         0
   215/649     5.74G   0.01925  0.006484         0   0.02573        16       640    0.9615    0.8908     0.953    0.6989   0.06146    0.0063         0
   216/649     5.74G   0.02219  0.006554         0   0.02875        16       640    0.8998    0.9643    0.9611    0.6644   0.05747   0.00656         0
   217/649     5.74G   0.02083  0.006585         0   0.02741        27       640       0.9    0.9643    0.9535    0.6638   0.06148  0.006443         0
   218/649     5.74G   0.02124  0.007065         0   0.02831        21       640     0.931    0.9641    0.9542    0.6618   0.06202  0.006386         0
   219/649     5.74G   0.02169  0.006971         0   0.02866        30       640       0.9    0.9641    0.9505      0.67    0.0588  0.006519         0
   220/649     5.74G   0.01918   0.00706         0   0.02624        28       640    0.9613    0.8929    0.9493    0.6738   0.05633  0.006612         0
   221/649     5.74G   0.01956   0.00689         0   0.02645        20       640       0.9    0.9641    0.9468    0.6452   0.05613  0.006902         0
   222/649     5.74G   0.01934  0.006921         0   0.02626        21       640    0.9628    0.9286    0.9507    0.6344   0.05558  0.006802         0
   223/649     5.74G   0.01706  0.006755         0   0.02381        25       640    0.8965    0.9286    0.9117    0.6809   0.05233    0.0066         0
   224/649     5.74G   0.01529  0.006977         0   0.02227        18       640     0.963    0.9285    0.9079    0.6815   0.05146  0.006645         0
   225/649     5.74G   0.01945  0.006709         0   0.02616        20       640    0.9625    0.9286    0.9126    0.6791    0.0514  0.006852         0
   226/649     5.74G   0.01829  0.006838         0   0.02513        18       640    0.9628    0.9286    0.9463    0.6874   0.05311  0.006884         0
   227/649     5.74G   0.01728  0.007302         0   0.02458        21       640     0.875    0.9999     0.954     0.697   0.05474  0.006773         0
   228/649     5.74G   0.01924  0.006681         0   0.02592        13       640     0.843    0.9643    0.9223    0.7212   0.05667  0.006699         0
   229/649     5.74G   0.01609   0.00645         0   0.02254        26       640    0.9259    0.8927     0.924    0.6937   0.05586  0.006874         0
   230/649     5.74G   0.02029  0.006217         0   0.02651        25       640    0.9259    0.8929    0.9163    0.7139    0.0534  0.006776         0
   231/649     5.74G   0.01684  0.006613         0   0.02345        14       640    0.9629    0.9286    0.9295    0.7048   0.05167  0.006821         0
   232/649     5.74G   0.01601  0.007136         0   0.02314        21       640     0.963    0.9285    0.9367      0.72   0.05229  0.006752         0
   233/649     5.74G   0.01509  0.006812         0    0.0219        18       640    0.9643    0.9642    0.9557    0.7355   0.05295  0.006703         0
   234/649     5.74G   0.01783  0.006635         0   0.02446        24       640    0.9627    0.9286    0.9456    0.7276   0.05209   0.00679         0
   235/649     5.74G   0.01443  0.006193         0   0.02063        16       640    0.9626    0.9286    0.9439    0.7225   0.05036  0.006945         0
   236/649     5.74G   0.01707  0.006478         0   0.02354        17       640    0.9629    0.9286    0.9534    0.7412   0.05112  0.006741         0
   237/649     5.74G   0.02124  0.006747         0   0.02798        25       640    0.9655         1    0.9686    0.7821   0.05085  0.006577         0
   238/649     5.74G    0.0168  0.006414         0   0.02322        25       640    0.9643    0.9643    0.9668    0.7543   0.04989  0.006729         0
   239/649     5.74G   0.02282  0.006552         0   0.02937        20       640    0.9628    0.9286    0.9539    0.7072   0.04963  0.007058         0
   240/649     5.74G   0.01868  0.006867         0   0.02554        11       640    0.9284    0.9286    0.9404    0.6804    0.0512  0.007213         0
   241/649     5.74G   0.01608  0.006405         0   0.02249        11       640    0.9641    0.9643    0.9462    0.6797   0.05296  0.007106         0
   242/649     5.74G   0.01735  0.006255         0    0.0236        22       640    0.9629    0.9286      0.91    0.7072   0.05469  0.007087         0
   243/649     5.74G   0.01889  0.005794         0   0.02468        16       640    0.9643    0.9642    0.9383    0.6991   0.05593  0.007014         0
   244/649     5.74G   0.01956  0.006062         0   0.02562        30       640    0.9641    0.9643    0.9418    0.6912   0.05636  0.006765         0
   245/649     5.74G   0.02029  0.007304         0    0.0276        22       640    0.9643    0.9643    0.9536    0.6926   0.05641  0.006563         0
   246/649     5.74G   0.01662    0.0063         0   0.02292        34       640    0.9643    0.9642    0.9514    0.7129   0.05641  0.006555         0
   247/649     5.74G   0.01663  0.006049         0   0.02268        16       640    0.9642    0.9643    0.9489    0.7529   0.05668  0.006608         0
   248/649     5.74G   0.01683  0.006138         0   0.02297        22       640     0.963    0.9286     0.944    0.7418   0.05667   0.00682         0
   249/649     5.74G   0.01558  0.005879         0   0.02146        23       640    0.9629    0.9286     0.942    0.7498   0.05558  0.006852         0
   250/649     5.74G   0.01488  0.006094         0   0.02098        19       640    0.9285    0.9286    0.9297    0.7159   0.05592  0.007072         0
   251/649     5.74G   0.01459  0.006303         0    0.0209        27       640    0.9286    0.9286    0.9303     0.723   0.05476   0.00706         0
   252/649     5.74G   0.01877  0.006223         0   0.02499        22       640     0.963    0.9285    0.9312    0.7418   0.05403  0.007046         0
   253/649     5.74G   0.01768  0.006098         0   0.02378        15       640    0.9286    0.9286    0.9496     0.753   0.05519   0.00696         0
   254/649     5.74G   0.02196  0.006107         0   0.02807        27       640     0.931    0.9642    0.9668    0.7754   0.05634   0.00685         0
   255/649     5.74G   0.01562  0.006409         0   0.02203        17       640    0.9625    0.9286    0.9563    0.7313   0.05663   0.00682         0
   256/649     5.74G   0.01683  0.006332         0   0.02316        21       640       0.9    0.9642    0.9458    0.7202   0.05703  0.006848         0
   257/649     5.74G   0.01384  0.006161         0      0.02        33       640    0.9026         1    0.9583    0.7256   0.05709  0.006855         0
   258/649     5.74G   0.01624   0.00623         0   0.02247        16       640    0.9029         1    0.9537    0.7344    0.0576  0.007044         0
   259/649     5.74G    0.0167  0.006032         0   0.02274        23       640    0.9286    0.9285    0.9457    0.7121   0.05832  0.006955         0
   260/649     5.74G   0.01408  0.006008         0   0.02009        24       640    0.9285    0.9286     0.949    0.7417   0.05712  0.006867         0
   261/649     5.74G   0.01867  0.006018         0   0.02469        17       640     0.931    0.9639    0.9593    0.7431   0.05615  0.006809         0
   262/649     5.74G   0.01607  0.006418         0   0.02249        25       640    0.9284    0.9286    0.9532    0.7569   0.05564  0.006976         0
   263/649     5.74G   0.01472  0.005862         0   0.02058        29       640    0.9277    0.9286    0.9479    0.7513   0.05589  0.007024         0
   264/649     5.74G   0.01693   0.00658         0   0.02351        26       640    0.9285    0.9286    0.9264    0.7157   0.05693  0.006966         0
   265/649     5.74G   0.01782  0.005944         0   0.02377        20       640    0.9615    0.8929    0.9116    0.6954   0.05754   0.00695         0
   266/649     5.74G   0.01636  0.006419         0   0.02278        25       640    0.9614    0.8929    0.9237    0.6928    0.0561  0.006814         0
   267/649     5.74G     0.019  0.006009         0   0.02501        13       640     0.899    0.9643    0.9354    0.6924   0.05692  0.006762         0
   268/649     5.74G   0.01611  0.005893         0     0.022        18       640     0.931    0.9643    0.9458    0.7252   0.05734  0.006743         0
   269/649     5.74G   0.01995   0.00627         0   0.02622        37       640    0.9643    0.9642    0.9542    0.7141   0.05586  0.006586         0
   270/649     5.74G   0.01297  0.006342         0   0.01931        23       640    0.9643    0.9642    0.9562    0.7463   0.05283  0.006529         0
   271/649     5.74G   0.01704  0.005518         0   0.02256        18       640    0.9653         1    0.9733    0.7768   0.05157  0.006508         0
   272/649     5.74G   0.01512  0.006013         0   0.02114        18       640     0.928    0.9643    0.9707    0.7687   0.05208  0.006636         0
   273/649     5.74G    0.0185  0.006171         0   0.02468        13       640     0.931     0.964    0.9737    0.7581   0.05303  0.006657         0
   274/649     5.74G   0.02144  0.005943         0   0.02739        38       640      0.96    0.8571    0.9559    0.7139   0.05193  0.006908         0
   275/649     5.74G   0.01629  0.005876         0   0.02217        19       640    0.9259    0.8924    0.9461    0.7291   0.04938  0.007064         0
   276/649     5.74G   0.01515  0.005514         0   0.02067        23       640    0.9615    0.8929    0.9415    0.7353   0.04902  0.007017         0
   277/649     5.74G   0.01845  0.006109         0   0.02456        31       640    0.9286    0.9285    0.9637    0.7674   0.04989  0.006852         0
   278/649     5.74G   0.01613   0.00605         0   0.02218        36       640     0.963    0.9284    0.9667    0.7637   0.05034  0.007118         0
   279/649     5.74G   0.02044  0.006197         0   0.02663        15       640         1    0.9285    0.9792    0.7289    0.0492  0.007106         0
   280/649     5.74G   0.01873  0.005936         0   0.02466        23       640    0.9286    0.9285    0.9499     0.742   0.04829  0.007219         0
   281/649     5.74G   0.02176  0.006154         0   0.02791        20       640    0.9628    0.9286    0.9674    0.7042   0.04921  0.007194         0
   282/649     5.74G    0.0166  0.005795         0   0.02239        20       640         1    0.9285    0.9639    0.7111   0.04709  0.007158         0
   283/649     5.74G   0.01838  0.005775         0   0.02416        38       640         1    0.9286    0.9663    0.7179   0.04677  0.007173         0
   284/649     5.74G   0.01662  0.005821         0   0.02244        17       640         1    0.9643    0.9763    0.6965   0.04644  0.007247         0
   285/649     5.74G   0.01653  0.006087         0   0.02261        25       640    0.9284    0.9286     0.915    0.7197   0.04651  0.007135         0
   286/649     5.74G   0.01408  0.006146         0   0.02022        17       640    0.8884    0.8571    0.8882     0.703   0.04664  0.007933         0
   287/649     5.74G   0.01608  0.006711         0   0.02279        12       640    0.8799    0.7857    0.8168     0.606    0.0687  0.009199         0
   288/649     5.74G    0.0166  0.006485         0   0.02309        19       640    0.9599    0.8571     0.873    0.6142   0.05548  0.009005         0
   289/649     5.74G   0.02353  0.006746         0   0.03027        16       640    0.9582    0.8214    0.9225    0.6591    0.0472  0.008125         0
   290/649     5.74G   0.02115  0.007009         0   0.02816        20       640    0.9613    0.8929    0.9475    0.7115   0.04681  0.007622         0
   291/649     5.74G    0.0197  0.006726         0   0.02642        20       640    0.9629    0.9286    0.9521    0.7161   0.04569  0.007299         0
   292/649     5.74G   0.01409  0.006113         0    0.0202        27       640    0.8997    0.9643    0.9408    0.7178   0.04566  0.007336         0
   293/649     5.74G   0.01574  0.006327         0   0.02207        16       640    0.9615    0.8929    0.9289    0.7135   0.04466  0.007751         0
   294/649     5.74G   0.01621  0.006104         0   0.02231        21       640    0.9615    0.8929    0.9277    0.6921   0.04405  0.007979         0
   295/649     5.74G   0.02048  0.006653         0   0.02713        13       640    0.9286    0.9284    0.9293    0.6849   0.04341   0.00799         0
   296/649     5.74G   0.01825  0.006438         0   0.02468        18       640    0.9607    0.8929    0.9355    0.6869    0.0442  0.007864         0
   297/649     5.74G   0.01782  0.005708         0   0.02353        19       640     0.931    0.9642    0.9502    0.7018   0.04353  0.007621         0
   298/649     5.74G   0.01567  0.006055         0   0.02173        37       640     0.931    0.9642    0.9525    0.6808   0.04459  0.007525         0
   299/649     5.74G    0.0164  0.006401         0    0.0228        20       640    0.9308    0.9643    0.9472    0.6879    0.0466  0.007435         0
   300/649     5.74G   0.01725  0.006358         0   0.02361        27       640       0.9    0.9638    0.9405    0.6942   0.04873  0.007483         0
   301/649     5.74G   0.02015  0.005943         0    0.0261        14       640    0.8965    0.9283     0.929    0.6723   0.04963  0.007513         0
   302/649     5.74G   0.01689  0.005845         0   0.02273        14       640    0.9615    0.8928    0.9341    0.6809   0.04969  0.007703         0
   303/649     5.74G   0.01435  0.005984         0   0.02034        19       640     0.963    0.9285    0.9525    0.7151   0.04936    0.0077         0
   304/649     5.74G   0.01402   0.00586         0   0.01988        14       640    0.9655    0.9999    0.9648    0.7225   0.04833  0.007509         0
   305/649     5.74G   0.01555  0.005685         0   0.02124        25       640    0.9655    0.9997    0.9672    0.7157   0.05006  0.007348         0
   306/649     5.74G   0.01968  0.006529         0   0.02621        15       640     0.963    0.9286    0.9563    0.7149   0.05417  0.007298         0
   307/649     5.74G    0.0153  0.005722         0   0.02102        20       640    0.9258    0.8929    0.9417    0.7089   0.05437  0.007377         0
   308/649     5.74G   0.01539  0.006098         0   0.02149        20       640    0.9286    0.9284    0.9278    0.6976    0.0548  0.007419         0
   309/649     5.74G   0.01589  0.005887         0   0.02178        20       640    0.9259    0.8927    0.9255     0.702   0.05516  0.007243         0
   310/649     5.74G   0.01674  0.005786         0   0.02252        16       640    0.9615    0.8927    0.9155    0.7241    0.0565  0.007255         0
   311/649     5.74G   0.01534  0.006306         0   0.02165        24       640    0.9599    0.8571    0.9035    0.6615   0.05776  0.007268         0
   312/649     5.74G   0.02079  0.006268         0   0.02706        14       640      0.96    0.8571    0.8979    0.6539   0.05922  0.007331         0
   313/649     5.74G   0.01739  0.005909         0    0.0233        18       640    0.9599    0.8571     0.897    0.6715   0.05927  0.007217         0
   314/649     5.74G   0.01861  0.005865         0   0.02448        18       640      0.96    0.8571    0.9188     0.701   0.05798  0.007152         0
   315/649     5.74G   0.01856  0.006102         0   0.02466        24       640         1    0.9285    0.9691    0.7058   0.05553  0.007039         0
   316/649     5.74G   0.01685  0.006102         0   0.02295        23       640         1    0.9286    0.9719    0.7148   0.05389  0.007015         0
   317/649     5.74G   0.01674  0.006029         0   0.02277        17       640    0.9998    0.9286    0.9749    0.6937   0.05333  0.006991         0
   318/649     5.74G   0.01685  0.005637         0   0.02249        15       640    0.9285    0.9286    0.9465    0.6997   0.05378  0.007086         0
   319/649     5.74G   0.01498  0.005587         0   0.02057        15       640    0.9286    0.9285    0.9375    0.6964   0.05455  0.007356         0
   320/649     5.74G   0.01641  0.005997         0   0.02241        21       640    0.9285    0.9286    0.9339    0.6922   0.05498  0.007383         0
   321/649     5.74G   0.01485  0.005941         0    0.0208        23       640    0.9615    0.8929    0.9261    0.6833   0.05505  0.007392         0
   322/649     5.74G   0.01665  0.005978         0   0.02263        21       640    0.9615    0.8929    0.9185    0.6808   0.05717  0.007273         0
   323/649     5.74G   0.01947  0.005487         0   0.02496        14       640    0.9615    0.8929    0.9214    0.6914   0.05666  0.007228         0
   324/649     5.74G   0.01245  0.005336         0   0.01778        15       640    0.9612    0.8929    0.9253    0.7096   0.05635  0.007261         0
   325/649     5.74G   0.01461  0.005442         0   0.02006        21       640    0.9615    0.8928    0.9385    0.7159   0.05796  0.007167         0
   326/649     5.74G   0.01596  0.005561         0   0.02152        21       640    0.9615    0.8926    0.9464    0.6966   0.05892   0.00715         0
   327/649     5.74G     0.015  0.005158         0   0.02016        31       640       0.9    0.9641     0.943    0.6961   0.05891  0.007161         0
   328/649     5.74G   0.01196  0.005614         0   0.01757        13       640    0.9629    0.9286    0.9481    0.7052   0.05797  0.007139         0
   329/649     5.74G   0.01347  0.005689         0   0.01916        20       640    0.9629    0.9286    0.9426    0.6849   0.05799  0.007225         0
   330/649     5.74G   0.01375  0.005701         0   0.01945        17       640    0.9641    0.9643    0.9449    0.6978   0.05828  0.007216         0
   331/649     5.74G    0.0186  0.005826         0   0.02443        10       640    0.9629    0.9286    0.9381    0.6688   0.05904  0.007565         0
   332/649     5.74G   0.01567  0.005478         0   0.02115        26       640     0.963    0.9285    0.9374     0.657   0.05868  0.007542         0
   333/649     5.74G   0.01544  0.006217         0   0.02165        18       640    0.9629    0.9286    0.9241    0.6675   0.05955  0.007297         0
   334/649     5.74G   0.01505  0.006034         0   0.02108        29       640    0.9628    0.9286    0.9215    0.6528   0.06001  0.007255         0
   335/649     5.74G   0.01903  0.006332         0   0.02537        22       640    0.9628    0.9286    0.9367    0.6577   0.06063  0.007017         0
   336/649     5.74G   0.01726  0.005653         0   0.02292        39       640    0.9629    0.9286    0.9311    0.6754      0.06  0.006927         0
   337/649     5.74G   0.01518  0.005926         0    0.0211        21       640    0.9285    0.9286    0.9227    0.6838   0.05834  0.007024         0
   338/649     5.74G   0.02065  0.006004         0   0.02665        30       640    0.9286    0.9285     0.926    0.7007    0.0578  0.007051         0
   339/649     5.74G   0.01551  0.006258         0   0.02176        27       640     0.931    0.9643    0.9227    0.6992   0.05831  0.007012         0
   340/649     5.74G   0.01471  0.005703         0   0.02041        28       640     0.931    0.9643    0.9273    0.7007     0.058  0.006998         0
   341/649     5.74G   0.01677  0.006069         0   0.02284        23       640     0.931    0.9641    0.9312    0.7138   0.05772   0.00714         0
   342/649     5.74G   0.01302  0.005639         0   0.01866        13       640    0.9285    0.9286    0.9295    0.6998   0.05737   0.00724         0
   343/649     5.74G   0.01408  0.005501         0   0.01958        26       640    0.9273    0.9286    0.9275     0.706   0.05677  0.007365         0
   344/649     5.74G   0.01716  0.006024         0   0.02318        13       640     0.928    0.9286    0.9279     0.718   0.05685  0.007433         0
   345/649     5.74G   0.01425  0.005208         0   0.01946        12       640    0.9285    0.9286     0.924    0.7112   0.05681   0.00749         0
   346/649     5.74G   0.01578  0.005998         0   0.02178        20       640    0.9285    0.9286    0.9264    0.7057   0.05739  0.007523         0
   347/649     5.74G   0.01966  0.006437         0   0.02609        30       640    0.8928    0.8929    0.8899    0.6797   0.05767  0.007545         0
   348/649     5.74G   0.01651  0.005376         0   0.02189        14       640     0.963    0.9284     0.932    0.6827   0.05705  0.007622         0
   349/649     5.74G   0.01284  0.005821         0   0.01866        16       640     0.963    0.9285    0.9228    0.6701   0.05608   0.00768         0
   350/649     5.74G   0.01752  0.005802         0   0.02332        23       640    0.9629    0.9286    0.9224     0.666   0.05539  0.007581         0
   351/649     5.74G   0.01508  0.005241         0   0.02032        26       640    0.9615    0.8928    0.9199    0.6798   0.05452  0.007507         0
   352/649     5.74G   0.01489   0.00554         0   0.02043        21       640    0.9285    0.9286    0.9208    0.6731   0.05293  0.007496         0
   353/649     5.74G   0.01223   0.00563         0   0.01786        20       640    0.9611    0.8929    0.9187    0.6812   0.05099  0.007622         0
   354/649     5.74G   0.01402  0.005351         0   0.01937        14       640    0.9597    0.8571    0.8778      0.69   0.05184  0.007724         0
   355/649     5.74G   0.01379  0.005655         0   0.01944        27       640    0.9596    0.8571    0.8695    0.6765   0.05196  0.007825         0
   356/649     5.74G   0.01746  0.005696         0   0.02316        17       640    0.9286    0.9286    0.9154    0.6632   0.05191  0.007827         0
   357/649     5.74G   0.01311  0.005548         0   0.01866        27       640    0.9286    0.9286    0.9174    0.6797    0.0511  0.007581         0
   358/649     5.74G   0.01152  0.005741         0   0.01726        19       640    0.9285    0.9286    0.9148    0.6922   0.05066   0.00755         0
   359/649     5.74G   0.01751  0.005646         0   0.02315        13       640     0.963    0.9284    0.9233    0.7058   0.05113  0.007513         0
   360/649     5.74G   0.01442  0.005448         0   0.01987        33       640    0.9627    0.9286    0.9259    0.7235   0.05142  0.007519         0
   361/649     5.74G   0.01486  0.005662         0   0.02052        19       640     0.963    0.9285    0.9222    0.7133   0.05097  0.007593         0
   362/649     5.74G   0.01466    0.0055         0   0.02016        16       640     0.963    0.9285    0.9218    0.7067   0.05167  0.007786         0
   363/649     5.74G   0.01548  0.005235         0   0.02071        19       640    0.9283    0.9286    0.9152    0.6983   0.05159  0.007755         0
   364/649     5.74G   0.01429  0.005563         0   0.01985        18       640    0.9286    0.9285    0.9182    0.7017   0.05124   0.00775         0
   365/649     5.74G   0.01676  0.005764         0   0.02252        17       640    0.9285    0.9286    0.9248    0.6939   0.05132  0.007659         0
   366/649     5.74G   0.01492  0.005326         0   0.02024        25       640    0.8998    0.9617    0.9265    0.6924   0.05233  0.007726         0
   367/649     5.74G   0.01477  0.005941         0   0.02071        15       640     0.931    0.9642    0.9286    0.6936   0.05583  0.007764         0
   368/649     5.74G   0.01651  0.005799         0   0.02231        20       640    0.8965    0.9285    0.8844    0.6689   0.06043  0.007667         0
   369/649     5.74G   0.01277  0.004922         0   0.01769        18       640     0.931    0.9643    0.9286    0.6745   0.06147  0.007555         0
   370/649     5.74G   0.01634  0.005634         0   0.02198        21       640     0.963    0.9285    0.9254    0.7165   0.06104  0.007517         0
   371/649     5.74G   0.01689  0.005668         0   0.02256        18       640    0.9286    0.9285     0.922    0.7321   0.06051  0.007597         0
   372/649     5.74G   0.01371  0.005878         0   0.01959        19       640     0.963    0.9285    0.9181    0.7262   0.06002  0.007623         0
   373/649     5.74G   0.01502  0.005414         0   0.02044        17       640     0.963    0.9286    0.9331    0.7081   0.05895  0.007613         0
   374/649     5.74G   0.01328  0.005555         0   0.01883        17       640     0.963    0.9285    0.9437    0.7174   0.05851  0.007386         0
   375/649     5.74G   0.02089  0.005992         0   0.02688        19       640    0.9629    0.9286    0.9474    0.7408   0.05821  0.007204         0
   376/649     5.74G   0.01495  0.005062         0   0.02001        13       640         1    0.9643    0.9877    0.7262   0.05815  0.007388         0
   377/649     5.74G   0.01818  0.005412         0   0.02359        22       640    0.9999    0.9643    0.9821    0.7205   0.05848  0.007687         0
   378/649     5.74G   0.01216  0.005293         0   0.01745        19       640         1    0.9641    0.9794    0.7156   0.05936  0.007747         0
   379/649     5.74G    0.0134  0.005162         0   0.01856        17       640         1    0.9642    0.9872    0.7448   0.06008  0.007514         0
   380/649     5.74G   0.01213  0.005606         0   0.01773        14       640         1    0.9643    0.9904    0.7408   0.06053   0.00729         0
   381/649     5.74G   0.01746   0.00569         0   0.02315        22       640     0.963    0.9285    0.9529    0.7541   0.06111  0.006952         0
   382/649     5.74G   0.01246  0.005522         0   0.01798        15       640    0.9629    0.9286    0.9506    0.7498   0.06079  0.006861         0
   383/649     5.74G    0.0167  0.005682         0   0.02238        23       640    0.9629    0.9286    0.9515    0.7441   0.06067  0.006839         0
   384/649     5.74G   0.01575  0.005279         0   0.02103        21       640    0.9629    0.9286    0.9495    0.7466   0.06104  0.006893         0
   385/649     5.74G   0.01365  0.005234         0   0.01889        19       640    0.9629    0.9286    0.9514    0.7464   0.06194  0.006968         0
   386/649     5.74G   0.01425  0.005666         0   0.01991        38       640    0.9333    0.9998    0.9581    0.7276   0.06244  0.006909         0
   387/649     5.74G    0.0159   0.00512         0   0.02102        24       640    0.9655    0.9995    0.9651    0.7498   0.06224  0.006843         0
   388/649     5.74G   0.01674  0.005464         0   0.02221        20       640    0.9333    0.9996    0.9621    0.7628   0.06132  0.006846         0
   389/649     5.74G   0.01419   0.00511         0    0.0193        16       640    0.9642    0.9643    0.9577    0.7463   0.06065  0.006883         0
   390/649     5.74G   0.01619  0.005615         0    0.0218        17       640    0.9643    0.9642    0.9581    0.7697   0.06051  0.006853         0
   391/649     5.74G   0.01405  0.004848         0    0.0189        28       640    0.9629    0.9286    0.9608    0.7638   0.05998  0.006798         0
   392/649     5.74G    0.0133  0.005314         0   0.01862        18       640     0.963    0.9285     0.967    0.7577   0.05969  0.006758         0
   393/649     5.74G   0.01524  0.005315         0   0.02056        33       640     0.963    0.9285    0.9644    0.7532   0.05976  0.006809         0
   394/649     5.74G   0.01323  0.005137         0   0.01837        18       640    0.9629    0.9286    0.9639    0.7603   0.05983  0.006823         0
   395/649     5.74G   0.01594  0.005157         0    0.0211        26       640     0.963    0.9286    0.9621    0.7541   0.05985  0.006888         0
   396/649     5.74G   0.01364  0.005149         0   0.01879        23       640     0.931    0.9642    0.9601    0.7455   0.05933  0.006957         0
   397/649     5.74G   0.01557  0.005306         0   0.02087        33       640     0.931    0.9641    0.9542    0.7358   0.05828  0.007103         0
   398/649     5.74G   0.01394  0.005293         0   0.01923        20       640    0.9643    0.9643     0.956     0.746   0.05812  0.007119         0
   399/649     5.74G   0.01587  0.005255         0   0.02113        33       640    0.9643    0.9643    0.9537    0.7352     0.058  0.007103         0
   400/649     5.74G   0.01219  0.005188         0   0.01738        14       640    0.9642    0.9643    0.9464    0.7265   0.05805  0.007151         0
   401/649     5.74G   0.01324   0.00495         0   0.01819        25       640    0.9642    0.9643    0.9405    0.7154   0.05843  0.007192         0
   402/649     5.74G    0.0141  0.005029         0   0.01913        21       640    0.9642    0.9643    0.9383    0.7171   0.05807  0.007308         0
   403/649     5.74G   0.01467  0.004634         0    0.0193        17       640    0.9306    0.9643    0.9331    0.7108   0.05771  0.007313         0
   404/649     5.74G   0.01427  0.004637         0   0.01891        26       640       0.9    0.9643    0.9297    0.6839   0.05846  0.007434         0
   405/649     5.74G   0.01278  0.005089         0   0.01787        17       640    0.9615    0.8929    0.9209    0.6803   0.05885  0.007479         0
   406/649     5.74G   0.01258  0.005208         0   0.01779        21       640    0.9614    0.8929    0.9287    0.7041   0.05884  0.007441         0
   407/649     5.74G   0.01551  0.005247         0   0.02075        14       640    0.9615    0.8929    0.9332    0.7036   0.05893  0.007389         0
   408/649     5.74G   0.01863  0.004615         0   0.02325        27       640    0.9284    0.9286    0.9395    0.7209     0.058  0.007477         0
   409/649     5.74G   0.01369  0.005002         0   0.01869        12       640    0.9615    0.8929    0.9432    0.7301   0.05796  0.007439         0
   410/649     5.74G   0.01249  0.004949         0   0.01744        16       640    0.8749         1    0.9537    0.7198    0.0581  0.007311         0
   411/649     5.74G   0.01562  0.005331         0   0.02095        19       640     0.875    0.9999    0.9601    0.7172     0.058  0.007307         0
   412/649     5.74G   0.01366  0.005215         0   0.01888        38       640    0.9031         1    0.9654    0.7266   0.05801  0.007273         0
   413/649     5.74G    0.0136  0.005244         0   0.01884        16       640    0.9032         1     0.965    0.7138    0.0578  0.007333         0
   414/649     5.74G   0.01667  0.005074         0   0.02174        24       640    0.9032         1    0.9614    0.7286   0.05735  0.007438         0
   415/649     5.74G   0.01203  0.004587         0   0.01661        16       640    0.9032    0.9999     0.965     0.722   0.05704  0.007451         0
   416/649     5.74G   0.01705  0.005073         0   0.02212        23       640    0.9331         1    0.9673    0.7452   0.05645  0.007368         0
   417/649     5.74G   0.01408  0.005001         0   0.01908        23       640     0.933         1    0.9676    0.7461   0.05616   0.00731         0
   418/649     5.74G   0.01503  0.005162         0   0.02019        14       640    0.9333    0.9999    0.9718    0.7523   0.05597   0.00718         0
   419/649     5.74G   0.01578  0.004968         0   0.02074        20       640    0.9333    0.9998    0.9747    0.7506   0.05584  0.007067         0
   420/649     5.74G   0.01722  0.005512         0   0.02273        27       640    0.9654         1    0.9738    0.7545   0.05577  0.007024         0
   421/649     5.74G   0.01363  0.004818         0   0.01844        20       640    0.9655         1    0.9786    0.7641   0.05542  0.006824         0
   422/649     5.74G   0.01745  0.004863         0   0.02231        23       640    0.9642    0.9643    0.9732    0.7919   0.05559  0.006699         0
   423/649     5.74G   0.01448  0.005061         0   0.01955        27       640    0.9643    0.9643    0.9878    0.7977   0.05647  0.006614         0
   424/649     5.74G   0.01636  0.005039         0    0.0214        21       640    0.9999    0.9643     0.988    0.7906   0.05692  0.006593         0
   425/649     5.74G   0.01737  0.004967         0   0.02234        17       640         1    0.9637    0.9869    0.7801   0.05671  0.006651         0
   426/649     5.74G   0.01681  0.004793         0    0.0216        17       640    0.9999    0.8929    0.9785    0.7735    0.0569  0.006749         0
   427/649     5.74G   0.01496  0.004957         0   0.01992        22       640         1    0.8929     0.977    0.7751   0.05696  0.006768         0
   428/649     5.74G   0.01092  0.004611         0   0.01553        38       640    0.9999    0.8929    0.9695    0.7683   0.05721  0.006805         0
   429/649     5.74G   0.01609  0.004807         0   0.02089        26       640    0.9285    0.9286    0.9725    0.7664   0.05849  0.006718         0
   430/649     5.74G   0.01726  0.005327         0   0.02259        16       640    0.9629    0.9286    0.9769    0.7619   0.05946   0.00665         0
   431/649     5.74G   0.01448  0.005403         0   0.01988        23       640     0.963    0.9285    0.9743    0.7682   0.05985  0.006669         0
   432/649     5.74G   0.01408  0.005111         0   0.01919        19       640       0.9    0.9639    0.9769    0.7725   0.05986  0.006637         0
   433/649     5.74G   0.01317  0.004521         0   0.01769        15       640    0.9032    0.9999    0.9826    0.7892   0.05961  0.006535         0
   434/649     5.74G   0.01566  0.004857         0   0.02051        17       640    0.9629    0.9281    0.9831    0.7941    0.0589   0.00644         0
   435/649     5.74G   0.01361  0.005082         0   0.01869        27       640     0.875    0.9999    0.9793    0.7924    0.0582  0.006451         0
   436/649     5.74G   0.01859  0.005208         0    0.0238        25       640    0.8749         1    0.9728    0.7898   0.05762   0.00647         0
   437/649     5.74G    0.0105  0.004593         0   0.01509        18       640    0.9333    0.9996    0.9695    0.7826   0.05719  0.006534         0
   438/649     5.74G    0.0146  0.004785         0   0.01938        22       640     0.931    0.9643    0.9526     0.751   0.05718   0.00668         0
   439/649     5.74G   0.01435  0.005277         0   0.01963        23       640     0.931    0.9641      0.95    0.7417   0.05716  0.006713         0
   440/649     5.74G    0.0153  0.005121         0   0.02042        25       640     0.931    0.9642    0.9616    0.7653   0.05773  0.006663         0
   441/649     5.74G   0.01243  0.005112         0   0.01754        21       640    0.9032         1    0.9707    0.7719   0.05806  0.006688         0
   442/649     5.74G   0.01346  0.004917         0   0.01838        22       640    0.9031         1     0.976    0.7767   0.05826  0.006772         0
   443/649     5.74G   0.01318  0.005301         0   0.01848        16       640    0.9308    0.9643    0.9633    0.7557   0.05782  0.006958         0
   444/649     5.74G   0.01497  0.005204         0   0.02017        18       640     0.931    0.9642     0.954    0.7515   0.05733  0.007068         0
   445/649     5.74G   0.01607  0.005002         0   0.02108        15       640    0.9629    0.9286    0.9383    0.7408   0.05716  0.007146         0
   446/649     5.74G   0.01171  0.004842         0   0.01655        13       640    0.9629    0.9286    0.9389     0.743   0.05706  0.007177         0
   447/649     5.74G   0.01221  0.005306         0   0.01751        25       640    0.9615    0.8929    0.9225    0.7281   0.05754  0.007244         0
   448/649     5.74G   0.01529  0.004541         0   0.01983        19       640     0.963    0.9285    0.9277    0.7181   0.05782  0.007322         0
   449/649     5.74G   0.01437  0.004885         0   0.01926        22       640    0.9629    0.9286    0.9277    0.7143   0.05784  0.007367         0
   450/649     5.74G   0.01422  0.004957         0   0.01918        24       640     0.963    0.9285    0.9276    0.7043   0.05773  0.007397         0
   451/649     5.74G    0.0145  0.004493         0     0.019        12       640    0.8999    0.9643    0.9267    0.7028   0.05703  0.007422         0
   452/649     5.74G   0.01118  0.004497         0   0.01568        29       640     0.963    0.9285    0.9288    0.7148    0.0569  0.007451         0
   453/649     5.74G   0.01502  0.005077         0   0.02009        20       640     0.963    0.9285    0.9289    0.7016   0.05704   0.00749         0
   454/649     5.74G   0.01779   0.00496         0   0.02275        16       640    0.9629    0.9286    0.9278    0.7082   0.05728  0.007525         0
   455/649     5.74G   0.01646  0.005259         0   0.02172        26       640    0.9629    0.9286    0.9238    0.7011   0.05721  0.007627         0
   456/649     5.74G   0.01555  0.004589         0   0.02014        21       640     0.963    0.9285    0.9229    0.7004    0.0571  0.007666         0
   457/649     5.74G   0.01548  0.004926         0    0.0204        24       640     0.963    0.9285    0.9246    0.7001   0.05719  0.007606         0
   458/649     5.74G   0.01122  0.004767         0   0.01599        29       640    0.9629    0.9286    0.9277    0.6819   0.05699  0.007475         0
   459/649     5.74G   0.01449  0.005047         0   0.01954        17       640     0.963    0.9285    0.9289     0.695   0.05657  0.007408         0
   460/649     5.74G   0.01655  0.005162         0   0.02172        21       640    0.9307    0.9643    0.9453    0.7161   0.05674  0.007353         0
   461/649     5.74G   0.01486   0.00533         0   0.02019        21       640     0.964    0.9643    0.9616    0.7465   0.05612  0.007384         0
   462/649     5.74G   0.01451  0.004728         0   0.01924        12       640    0.9642    0.9643    0.9652    0.7409   0.05593  0.007382         0
   463/649     5.74G   0.01264  0.004944         0   0.01758        18       640    0.9641    0.9643    0.9639    0.7345   0.05619  0.007472         0
   464/649     5.74G   0.01418  0.004871         0   0.01905        21       640    0.9286    0.9286    0.9473    0.7402   0.05633  0.007472         0
   465/649     5.74G   0.01317  0.004651         0   0.01782        19       640    0.9284    0.9286    0.9492    0.7383   0.05656  0.007394         0
   466/649     5.74G   0.01501  0.004939         0   0.01995        17       640    0.9614    0.8929    0.9535    0.7528   0.05654   0.00729         0
   467/649     5.74G   0.01414  0.004549         0   0.01869        26       640     0.931    0.9643    0.9639    0.7508   0.05619  0.007271         0
   468/649     5.74G   0.01525  0.005079         0   0.02033        18       640    0.9333    0.9999    0.9674    0.7507   0.05588  0.007193         0
   469/649     5.74G    0.0123  0.004905         0   0.01721        33       640     0.931    0.9643     0.957    0.7485   0.05589  0.007273         0
   470/649     5.74G   0.01673  0.004645         0   0.02137        18       640     0.931    0.9642    0.9496    0.7362   0.05584  0.007329         0
   471/649     5.74G   0.01238  0.004418         0   0.01679        11       640    0.9629    0.9286    0.9484     0.726   0.05574  0.007314         0
   472/649     5.74G   0.01457  0.004484         0   0.01905        14       640         1    0.9641    0.9938    0.7322   0.05617  0.007236         0
   473/649     5.74G   0.01692  0.004956         0   0.02188        17       640    0.9332         1    0.9925    0.7389   0.05626  0.007161         0
   474/649     5.74G   0.01118  0.004906         0   0.01608        19       640         1    0.9641    0.9939    0.7329   0.05675  0.007168         0
   475/649     5.74G   0.01149  0.004537         0   0.01603        20       640    0.9655         1    0.9949      0.73   0.05721  0.007153         0
   476/649     5.74G   0.01391  0.004827         0   0.01874        20       640    0.9655    0.9999    0.9949    0.7505   0.05762  0.007126         0
   477/649     5.74G   0.01663  0.004835         0   0.02146        19       640    0.9999    0.9643    0.9922    0.7364   0.05789  0.007241         0
   478/649     5.74G   0.01326  0.005013         0   0.01827        23       640         1    0.9643    0.9907    0.7269   0.05815  0.007287         0
   479/649     5.74G   0.01224  0.004812         0   0.01705        26       640    0.9629    0.9286    0.9391    0.7291   0.05818  0.007198         0
   480/649     5.74G    0.0152   0.00482         0   0.02002        17       640     0.931    0.9643    0.9506    0.7652   0.05827  0.007112         0
   481/649     5.74G   0.01445  0.004607         0   0.01905        21       640     0.931    0.9642    0.9551    0.7761   0.05804  0.007086         0
   482/649     5.74G   0.01706  0.004601         0   0.02167        25       640     0.931    0.9643    0.9565    0.7738   0.05802  0.007064         0
   483/649     5.74G   0.01237  0.004792         0   0.01716         9       640     0.931    0.9643    0.9643    0.7636   0.05811  0.007101         0
   484/649     5.74G   0.01356   0.00461         0   0.01817        31       640     0.931    0.9643    0.9695    0.7681   0.05807  0.007117         0
   485/649     5.74G   0.01601  0.004808         0   0.02082        12       640    0.9643     0.964    0.9739    0.7705   0.05809  0.007149         0
   486/649     5.74G   0.01425  0.004933         0   0.01918        41       640    0.9643    0.9642    0.9739    0.7749   0.05846  0.007099         0
   487/649     5.74G   0.01386  0.005029         0   0.01889        18       640    0.9642    0.9643    0.9777    0.7826   0.05854  0.007017         0
   488/649     5.74G   0.01339  0.005165         0   0.01855        22       640         1         1     0.996    0.7585   0.05817  0.007061         0
   489/649     5.74G   0.00954   0.00462         0   0.01416        18       640         1    0.9999     0.996    0.7563   0.05782  0.007094         0
   490/649     5.74G   0.01454  0.004828         0   0.01937        19       640    0.9999         1     0.996    0.7485   0.05789   0.00712         0
   491/649     5.74G   0.01723  0.004692         0   0.02192        18       640    0.9655         1     0.995    0.7414   0.05742  0.007082         0
   492/649     5.74G   0.01398  0.004417         0   0.01839        22       640    0.9999    0.9643     0.994    0.7375   0.05691  0.007034         0
   493/649     5.74G   0.01414  0.004577         0   0.01872        13       640         1    0.9643    0.9923    0.7473   0.05646  0.006991         0
   494/649     5.74G   0.01521  0.004607         0   0.01981        17       640         1    0.9643    0.9908    0.7412   0.05623  0.006959         0
   495/649     5.74G   0.01102  0.004229         0   0.01524        19       640         1    0.9642    0.9888    0.7616   0.05605  0.006956         0
   496/649     5.74G   0.01407  0.004915         0   0.01899        19       640         1    0.9643    0.9865     0.768   0.05573  0.007033         0
   497/649     5.74G   0.01332  0.004722         0   0.01804        28       640         1    0.9643    0.9881     0.783   0.05549  0.006996         0
   498/649     5.74G     0.014  0.004719         0   0.01872        26       640         1    0.9643    0.9881    0.7838   0.05559  0.006968         0
   499/649     5.74G   0.01092  0.004891         0   0.01582        21       640         1    0.9643    0.9881    0.7939   0.05554   0.00698         0
   500/649     5.74G   0.01565  0.004707         0   0.02036        28       640     0.931    0.9643    0.9711    0.8065   0.05536  0.007034         0
   501/649     5.74G    0.0163  0.004284         0   0.02058        17       640     0.963    0.9285    0.9655    0.7875    0.0557  0.007091         0
   502/649     5.74G   0.01686  0.004642         0    0.0215        26       640    0.9286    0.9286    0.9659    0.7832   0.05633  0.007079         0
   503/649     5.74G   0.01503  0.004024         0   0.01905        19       640    0.9285    0.9286    0.9622    0.7643   0.05698  0.007103         0
   504/649     5.74G    0.0122  0.004107         0   0.01631        19       640     0.931    0.9642    0.9686    0.7597   0.05815   0.00707         0
   505/649     5.74G   0.01618  0.004426         0   0.02061        22       640     0.931    0.9643    0.9701    0.7448   0.05847  0.007004         0
   506/649     5.74G    0.0157   0.00479         0   0.02049        21       640     0.931    0.9643    0.9764    0.7598   0.05782  0.006994         0
   507/649     5.74G   0.01348  0.004306         0   0.01779        10       640    0.9642    0.9643    0.9817     0.761   0.05692  0.006945         0
   508/649     5.74G    0.0122  0.004577         0   0.01678        12       640    0.9642    0.9643    0.9858    0.7811   0.05633   0.00693         0
   509/649     5.74G   0.01585  0.004146         0      0.02        18       640    0.9643    0.9643     0.988    0.7839   0.05541  0.006902         0
   510/649     5.74G   0.01598  0.004677         0   0.02066        22       640    0.9643    0.9643     0.987    0.7852    0.0548  0.006884         0
   511/649     5.74G   0.01314  0.004904         0   0.01805        22       640    0.9643    0.9643    0.9876    0.7748   0.05437  0.006945         0
   512/649     5.74G   0.01667    0.0045         0   0.02117        29       640    0.9629    0.9286    0.9754    0.7544   0.05419  0.007099         0
   513/649     5.74G   0.01355  0.004534         0   0.01809        29       640     0.931    0.9642    0.9702    0.7512   0.05426  0.007177         0
   514/649     5.74G   0.01264  0.004508         0   0.01715        20       640     0.931    0.9641    0.9703    0.7429   0.05488  0.007228         0
   515/649     5.74G   0.01303  0.004275         0    0.0173        15       640    0.9643    0.9643    0.9723    0.7224   0.05554  0.007294         0
   516/649     5.74G   0.01261  0.004716         0   0.01733        11       640    0.9643    0.9643    0.9722     0.742   0.05553  0.007317         0
   517/649     5.74G   0.01144  0.004685         0   0.01613        17       640    0.9642    0.9643    0.9709    0.7411   0.05577  0.007372         0
   518/649     5.74G    0.0156  0.004399         0      0.02        15       640    0.9642    0.9643    0.9715    0.7472   0.05586  0.007353         0
   519/649     5.74G   0.01056  0.004466         0   0.01503        22       640    0.9643    0.9642    0.9747    0.7656   0.05618  0.007348         0
   520/649     5.74G   0.01211  0.004991         0    0.0171        17       640    0.9655    0.9998    0.9815     0.771   0.05654  0.007301         0
   521/649     5.74G   0.01364  0.004464         0    0.0181        17       640     0.933         1      0.98    0.7749   0.05671  0.007323         0
   522/649     5.74G   0.01414  0.004463         0    0.0186        20       640    0.9655    0.9999    0.9849    0.7829   0.05681  0.007299         0
   523/649     5.74G   0.01415  0.005038         0   0.01919        24       640    0.9999    0.9643     0.994    0.7686   0.05643   0.00724         0
   524/649     5.74G   0.01439  0.004314         0    0.0187        17       640    0.9333    0.9996    0.9851    0.8016   0.05618   0.00717         0
   525/649     5.74G   0.01245  0.004689         0   0.01714        25       640    0.9032    0.9997    0.9774    0.7729   0.05621   0.00714         0
   526/649     5.74G   0.01313  0.004456         0   0.01758        25       640    0.9629    0.9286    0.9621    0.7678   0.05593  0.007191         0
   527/649     5.74G    0.0113  0.004517         0   0.01582        17       640    0.9629    0.9286    0.9589    0.7788    0.0555   0.00724         0
   528/649     5.74G   0.01355   0.00416         0   0.01771        12       640    0.9629    0.9286    0.9498    0.7622   0.05485  0.007285         0
   529/649     5.74G    0.0138  0.004318         0   0.01811        20       640    0.9629    0.9286    0.9461    0.7534   0.05485  0.007284         0
   530/649     5.74G   0.01231  0.004262         0   0.01657        15       640    0.9629    0.9286     0.952    0.7586   0.05494  0.007234         0
   531/649     5.74G   0.02002  0.004977         0     0.025        20       640     0.931    0.9643    0.9533    0.7622   0.05507  0.007197         0
   532/649     5.74G   0.01174  0.004273         0   0.01602        16       640    0.9629    0.9286    0.9479    0.7549   0.05548  0.007237         0
   533/649     5.74G   0.01717  0.004399         0   0.02157        16       640    0.9629    0.9286    0.9481    0.7443   0.05632  0.007297         0
   534/649     5.74G   0.01272  0.004336         0   0.01706        19       640    0.9629    0.9286    0.9502    0.7382   0.05649  0.007309         0
   535/649     5.74G    0.0132  0.004617         0   0.01782        14       640    0.9629    0.9286    0.9504    0.7368   0.05636  0.007324         0
   536/649     5.74G   0.01429    0.0048         0   0.01909        25       640     0.963    0.9285    0.9523    0.7377   0.05595  0.007312         0
   537/649     5.74G   0.01017  0.004431         0    0.0146        25       640     0.963    0.9286    0.9591    0.7477   0.05601  0.007275         0
   538/649     5.74G   0.01302  0.004421         0   0.01744        16       640     0.963    0.9285    0.9568    0.7512   0.05622  0.007263         0
   539/649     5.74G   0.01294  0.004268         0   0.01721        19       640     0.963    0.9285    0.9487    0.7355   0.05637  0.007334         0
   540/649     5.74G   0.01287  0.004445         0   0.01732        17       640     0.963    0.9285    0.9413    0.7304   0.05634  0.007393         0
   541/649     5.74G   0.01228  0.004822         0   0.01711        20       640    0.9629    0.9286    0.9399    0.7446   0.05621  0.007397         0
   542/649     5.74G   0.01384  0.004574         0   0.01841        26       640    0.9629    0.9286    0.9396    0.7401   0.05601  0.007361         0
   543/649     5.74G   0.01605  0.004781         0   0.02083        14       640    0.9629    0.9286     0.942    0.7501   0.05587  0.007304         0
   544/649     5.74G   0.01438  0.004456         0   0.01884        21       640    0.9629    0.9286     0.944    0.7484   0.05584  0.007269         0
   545/649     5.74G   0.01493  0.004451         0   0.01938        20       640     0.963    0.9286    0.9493    0.7565    0.0557  0.007205         0
   546/649     5.74G   0.01291  0.003999         0   0.01691        19       640     0.963    0.9285    0.9532    0.7543   0.05557  0.007187         0
   547/649     5.74G   0.01402  0.004252         0   0.01827        21       640    0.9629    0.9286    0.9584    0.7732   0.05542  0.007111         0
   548/649     5.74G   0.01127   0.00448         0   0.01575        18       640    0.9629    0.9286    0.9584    0.7737   0.05518  0.007138         0
   549/649     5.74G   0.01283  0.004774         0    0.0176        16       640    0.9629    0.9286    0.9533    0.7649   0.05481  0.007215         0
   550/649     5.74G     0.014  0.004143         0   0.01815        22       640     0.963    0.9286    0.9487    0.7747   0.05468   0.00724         0
   551/649     5.74G   0.01397  0.004182         0   0.01815        26       640     0.963    0.9285    0.9472    0.7739   0.05479  0.007243         0
   552/649     5.74G   0.01376  0.004843         0    0.0186        22       640     0.963    0.9285    0.9451    0.7659   0.05508  0.007267         0
   553/649     5.74G    0.0136  0.004137         0   0.01773        14       640    0.9629    0.9286    0.9444    0.7634   0.05524  0.007264         0
   554/649     5.74G    0.0144  0.004437         0   0.01884        24       640    0.9629    0.9286    0.9444    0.7645   0.05535  0.007364         0
   555/649     5.74G   0.01586  0.004778         0   0.02064        25       640     0.963    0.9286    0.9381    0.7539   0.05505  0.007417         0
   556/649     5.74G   0.01177  0.004586         0   0.01635        18       640     0.963    0.9285    0.9265    0.7361    0.0551  0.007446         0
   557/649     5.74G   0.01577  0.004577         0   0.02035        15       640     0.963    0.9286    0.9264    0.7337   0.05513    0.0075         0
   558/649     5.74G   0.01521  0.004288         0    0.0195        13       640     0.963    0.9286    0.9264    0.7367   0.05512  0.007558         0
   559/649     5.74G   0.01721  0.004723         0   0.02194        21       640     0.963    0.9285    0.9264    0.7259   0.05523  0.007554         0
   560/649     5.74G   0.01577  0.004826         0    0.0206        18       640    0.9629    0.9286    0.9264    0.7193   0.05554  0.007518         0
   561/649     5.74G   0.01106  0.004367         0   0.01543        20       640     0.963    0.9286    0.9277    0.7182   0.05551  0.007454         0
   562/649     5.74G    0.0163   0.00416         0   0.02046        22       640     0.963    0.9285    0.9292    0.7247   0.05561  0.007412         0
   563/649     5.74G   0.01298  0.004846         0   0.01783        19       640    0.9629    0.9286    0.9292     0.724    0.0557  0.007436         0
   564/649     5.74G   0.01277  0.004546         0   0.01732        25       640     0.963    0.9286    0.9346    0.7179   0.05553   0.00744         0
   565/649     5.74G   0.01099  0.004327         0   0.01532        35       640    0.9629    0.9286    0.9381    0.7363   0.05533  0.007477         0
   566/649     5.74G   0.01222  0.004418         0   0.01664        15       640     0.963    0.9286    0.9392    0.7421   0.05499  0.007453         0
   567/649     5.74G    0.0129  0.004531         0   0.01743        19       640    0.9629    0.9286    0.9433    0.7421   0.05443  0.007357         0
   568/649     5.74G   0.01335  0.004049         0    0.0174        18       640    0.9629    0.9286    0.9557    0.7698   0.05399  0.007227         0
   569/649     5.74G   0.01245  0.004548         0     0.017        16       640     0.963    0.9285    0.9617    0.7844   0.05393    0.0072         0
   570/649     5.74G   0.01566  0.004615         0   0.02027        14       640     0.963    0.9285    0.9588    0.7759    0.0536  0.007302         0
   571/649     5.74G   0.01214  0.004438         0   0.01658        18       640     0.963    0.9286    0.9558    0.7798   0.05383  0.007358         0
   572/649     5.74G   0.01598  0.004634         0   0.02062        26       640     0.963    0.9286    0.9585    0.7814   0.05428  0.007362         0
   573/649     5.74G   0.01131  0.004361         0   0.01567        14       640    0.9281    0.9286    0.9606    0.7902   0.05474  0.007326         0
   574/649     5.74G   0.01511   0.00454         0   0.01965        29       640    0.9285    0.9286    0.9592    0.7847   0.05508  0.007315         0
   575/649     5.74G   0.01091  0.004385         0   0.01529        16       640     0.963    0.9285    0.9619    0.7822   0.05516  0.007311         0
   576/649     5.74G   0.01391   0.00438         0   0.01829        29       640     0.963    0.9286    0.9578    0.7805   0.05503  0.007276         0
   577/649     5.74G   0.01451  0.004113         0   0.01862        28       640     0.963    0.9286    0.9593    0.7703   0.05501  0.007262         0
   578/649     5.74G   0.01373  0.004553         0   0.01829        14       640    0.9629    0.9286    0.9605    0.7705   0.05525  0.007216         0
   579/649     5.74G   0.01185  0.004596         0   0.01644        17       640    0.9629    0.9286    0.9591    0.7816   0.05519  0.007208         0
   580/649     5.74G    0.0151  0.004315         0   0.01942        18       640     0.963    0.9286    0.9577    0.7821   0.05514  0.007222         0
   581/649     5.74G   0.01341  0.004078         0   0.01749        12       640    0.9629    0.9286    0.9566    0.7735   0.05525  0.007242         0
   582/649     5.74G   0.01487  0.004619         0   0.01949        23       640    0.9629    0.9286    0.9582    0.7773   0.05537   0.00725         0
   583/649     5.74G   0.01204   0.00431         0   0.01635        15       640    0.9629    0.9286    0.9605    0.7801   0.05571  0.007246         0
   584/649     5.74G  0.009365  0.004127         0   0.01349        22       640     0.963    0.9286    0.9678    0.7809   0.05604  0.007255         0
   585/649     5.74G   0.01185  0.004264         0   0.01612        19       640    0.9629    0.9286    0.9649    0.7677   0.05605  0.007298         0
   586/649     5.74G   0.01407  0.004573         0   0.01864        24       640    0.9629    0.9286     0.966      0.77    0.0558  0.007294         0
   587/649     5.74G  0.009194  0.004416         0   0.01361        25       640    0.9304    0.9643    0.9708    0.7782   0.05578  0.007202         0
   588/649     5.74G   0.01333  0.004562         0   0.01789        21       640     0.931    0.9642    0.9697    0.7688   0.05579  0.007196         0
   589/649     5.74G   0.01029  0.004261         0   0.01455        16       640    0.9629    0.9286     0.966    0.7601   0.05594  0.007237         0
   590/649     5.74G   0.01276  0.004516         0   0.01727        17       640     0.963    0.9286     0.963    0.7522   0.05614  0.007261         0
   591/649     5.74G   0.01473  0.004413         0   0.01914        25       640    0.9629    0.9286     0.963    0.7521   0.05647  0.007194         0
   592/649     5.74G   0.01649  0.004166         0   0.02066        15       640    0.9629    0.9286    0.9661    0.7633   0.05715  0.007194         0
   593/649     5.74G   0.01243  0.004371         0    0.0168        11       640     0.963    0.9285     0.966    0.7635   0.05724  0.007173         0
   594/649     5.74G   0.01449  0.004118         0    0.0186        18       640    0.9629    0.9286    0.9679    0.7745   0.05713  0.007168         0
   595/649     5.74G   0.01435  0.004408         0   0.01876        18       640     0.963    0.9286    0.9702    0.7741   0.05707  0.007199         0
   596/649     5.74G   0.01268  0.004397         0   0.01707        23       640     0.963    0.9285    0.9637    0.7685   0.05715  0.007269         0
   597/649     5.74G   0.01363  0.004201         0   0.01783        14       640     0.963    0.9286    0.9547     0.754   0.05702  0.007428         0
   598/649     5.74G   0.01279  0.004082         0   0.01687        16       640     0.963    0.9286    0.9568    0.7619   0.05679  0.007442         0
   599/649     5.74G   0.01081  0.004465         0   0.01528        22       640    0.9629    0.9286     0.958      0.76   0.05636  0.007514         0
   600/649     5.74G    0.0145  0.004093         0   0.01859        25       640     0.963    0.9285    0.9584    0.7609   0.05626  0.007562         0
   601/649     5.74G   0.01578  0.004649         0   0.02043        14       640     0.963    0.9285    0.9529    0.7742   0.05631  0.007603         0
   602/649     5.74G   0.01496  0.004455         0   0.01942        12       640    0.9629    0.9286    0.9458    0.7728   0.05603   0.00764         0
   603/649     5.74G   0.01485  0.004285         0   0.01913        21       640    0.9629    0.9286    0.9422     0.769    0.0557  0.007619         0
   604/649     5.74G   0.01597  0.004484         0   0.02045        18       640    0.9629    0.9286    0.9402    0.7604   0.05569  0.007597         0
   605/649     5.74G   0.01146  0.004728         0   0.01619        16       640    0.9629    0.9286    0.9374      0.76   0.05606  0.007554         0
   606/649     5.74G   0.01387  0.003959         0   0.01783        20       640    0.9629    0.9286    0.9376     0.763   0.05631  0.007526         0
   607/649     5.74G   0.01546  0.003887         0   0.01935        16       640     0.963    0.9286    0.9289    0.7474   0.05658  0.007543         0
   608/649     5.74G   0.01845  0.004485         0   0.02293        25       640    0.9629    0.9286    0.9384    0.7617   0.05672  0.007535         0
   609/649     5.74G   0.01357  0.004115         0   0.01768        24       640    0.9629    0.9286    0.9355    0.7546   0.05694  0.007578         0
   610/649     5.74G   0.01125  0.004147         0    0.0154        18       640     0.963    0.9285    0.9335    0.7443   0.05697    0.0077         0
   611/649     5.74G   0.01107  0.004386         0   0.01545        11       640    0.9629    0.9286    0.9327    0.7382   0.05693  0.007777         0
   612/649     5.74G   0.01218  0.004036         0   0.01622        21       640    0.9285    0.9286    0.9304    0.7518    0.0567  0.007805         0
   613/649     5.74G  0.009625  0.004329         0   0.01395        11       640    0.9285    0.9286    0.9325    0.7565   0.05629  0.007807         0
   614/649     5.74G   0.01439  0.004537         0   0.01892        23       640    0.9285    0.9286    0.9323    0.7512   0.05593  0.007782         0
   615/649     5.74G   0.01186  0.004428         0   0.01629        25       640    0.9285    0.9286    0.9314    0.7519   0.05572  0.007804         0
   616/649     5.74G  0.009855  0.004272         0   0.01413        13       640    0.9285    0.9286    0.9225    0.7403   0.05559  0.007801         0
   617/649     5.74G   0.01249  0.004217         0   0.01671        12       640    0.9286    0.9286    0.9321    0.7517   0.05575  0.007739         0
   618/649     5.74G   0.01389  0.004201         0   0.01809        20       640     0.963    0.9285    0.9293    0.7582    0.0558  0.007673         0
   619/649     5.74G     0.012  0.004191         0    0.0162        20       640     0.963    0.9285    0.9293    0.7489    0.0558   0.00765         0
   620/649     5.74G   0.01094  0.004317         0   0.01526        16       640     0.963    0.9285    0.9364    0.7535   0.05583  0.007666         0
   621/649     5.74G   0.01512  0.004359         0   0.01948        24       640    0.9628    0.9286    0.9257    0.7405    0.0556  0.007738         0
   622/649     5.74G   0.01356     0.004         0   0.01756        20       640     0.963    0.9285    0.9267    0.7406    0.0555  0.007703         0
   623/649     5.74G   0.01253  0.004098         0   0.01663        17       640     0.963    0.9285    0.9267    0.7379   0.05549  0.007683         0
   624/649     5.74G   0.01125  0.004348         0    0.0156        20       640     0.963    0.9285    0.9257    0.7436   0.05535  0.007652         0
   625/649     5.74G   0.01324  0.004149         0   0.01739        14       640     0.963    0.9285    0.9247    0.7457   0.05542  0.007669         0
   626/649     5.74G   0.01176  0.004216         0   0.01597        21       640    0.9629    0.9286    0.9248    0.7458   0.05534  0.007701         0
   627/649     5.74G   0.01277  0.004189         0   0.01696        16       640     0.963    0.9285    0.9257    0.7484   0.05524  0.007668         0
   628/649     5.74G   0.01278  0.004107         0   0.01689        20       640    0.9629    0.9286    0.9267    0.7523   0.05512  0.007635         0
   629/649     5.74G   0.01344  0.004318         0   0.01776        27       640     0.963    0.9285    0.9267    0.7399   0.05498  0.007547         0
   630/649     5.74G    0.0121  0.004446         0   0.01655        26       640     0.963    0.9285    0.9398    0.7539   0.05474  0.007479         0
   631/649     5.74G    0.0142  0.004181         0   0.01838        30       640     0.963    0.9285      0.95    0.7629   0.05457  0.007457         0
   632/649     5.74G   0.01247  0.004258         0   0.01673        19       640    0.9629    0.9286     0.949     0.771   0.05433  0.007504         0
   633/649     5.74G   0.01092  0.004334         0   0.01525        22       640    0.9629    0.9286     0.945    0.7692   0.05428  0.007593         0
   634/649     5.74G   0.01613  0.004365         0   0.02049        13       640     0.963    0.9285    0.9422    0.7686    0.0543  0.007612         0
   635/649     5.74G   0.01501   0.00419         0    0.0192        23       640     0.963    0.9286    0.9408     0.758   0.05415  0.007634         0
   636/649     5.74G   0.01221  0.004124         0   0.01634        20       640    0.9629    0.9286     0.941    0.7679   0.05373   0.00762         0
   637/649     5.74G   0.01331  0.003981         0   0.01729        16       640    0.9629    0.9286    0.9399    0.7742   0.05322  0.007648         0
   638/649     5.74G   0.01241  0.004063         0   0.01647        30       640    0.9629    0.9286    0.9372    0.7716   0.05309  0.007685         0
   639/649     5.74G  0.009809  0.004236         0   0.01404        25       640     0.963    0.9285    0.9374    0.7705   0.05329  0.007721         0
   640/649     5.74G    0.0124  0.003969         0   0.01637        15       640    0.9629    0.9286     0.936    0.7612   0.05364   0.00775         0
   641/649     5.74G   0.01573  0.004434         0   0.02016        26       640     0.963    0.9285    0.9265    0.7481   0.05383  0.007838         0
   642/649     5.74G   0.01104  0.004065         0    0.0151        24       640     0.963    0.9285    0.9256    0.7456   0.05406  0.007826         0
   643/649     5.74G     0.015  0.004509         0    0.0195        23       640    0.9629    0.9286    0.9271    0.7465   0.05401  0.007778         0
   644/649     5.74G   0.01053  0.003955         0   0.01449        22       640    0.9629    0.9286    0.9453     0.761   0.05406   0.00767         0
   645/649     5.74G   0.01176  0.004022         0   0.01578        16       640    0.9629    0.9286    0.9565    0.7722     0.054  0.007664         0
   646/649     5.74G   0.01262  0.004301         0   0.01692        25       640     0.963    0.9285    0.9617    0.7801   0.05392  0.007621         0
   647/649     5.74G   0.01416  0.004562         0   0.01872        19       640    0.9629    0.9286    0.9652    0.7751   0.05398   0.00761         0
   648/649     5.74G   0.01432  0.004541         0   0.01887        17       640         1    0.9643    0.9896    0.7709   0.05412  0.007483         0
   649/649     5.74G   0.01175  0.004532         0   0.01628        22       640    0.9999    0.9643    0.9891    0.7648     0.054   0.00747         0
